phi = 0.300000;
L = 1.0;
NCells =1;
