phi = 0.500000;
L = 1.0;
NCells =1;
